1000
71.0
98.0
100.0
99.0
99.0
99.0
99.0
98.0
99.0
99.0
99.0
99.0
99.0
99.0
99.0
99.0
100.0
98.0
100.0
98.0
78.0
100.0
97.0
99.0
60.0
100.0
99.0
97.0
99.0
99.0
99.0
99.0
99.0
100.0
100.0
74.0
100.0
100.0
100.0
99.0
98.0
99.0
99.0
100.0
99.0
100.0
98.0
100.0
100.0
100.0
100.0
100.0
99.0
99.0
93.0
97.0
96.0
95.0
99.0
99.0
91.0
100.0
100.0
99.0
100.0
100.0
99.0
99.0
98.0
99.0
100.0
99.0
100.0
100.0
99.0
99.0
99.0
100.0
100.0
100.0
99.0
99.0
100.0
100.0
99.0
100.0
99.0
99.0
99.0
100.0
100.0
99.0
99.0
98.0
97.0
99.0
100.0
99.0
98.0
99.0
99.0
100.0
99.0
99.0
98.0
98.0
99.0
99.0
99.0
99.0
99.0
100.0
100.0
99.0
100.0
89.0
88.0
100.0
99.0
97.0
97.0
99.0
100.0
99.0
99.0
99.0
100.0
99.0
100.0
99.0
97.0
99.0
100.0
99.0
100.0
98.0
99.0
99.0
98.0
99.0
99.0
100.0
99.0
100.0
100.0
100.0
99.0
99.0
99.0
100.0
100.0
99.0
99.0
99.0
99.0
99.0
100.0
99.0
72.0
99.0
99.0
100.0
98.0
100.0
100.0
99.0
100.0
99.0
100.0
100.0
99.0
99.0
100.0
100.0
100.0
97.0
99.0
99.0
99.0
89.0
98.0
100.0
99.0
97.0
59.0
100.0
100.0
100.0
99.0
97.0
99.0
100.0
99.0
100.0
99.0
100.0
99.0
99.0
99.0
100.0
99.0
100.0
99.0
99.0
100.0
99.0
99.0
100.0
99.0
100.0
100.0
99.0
100.0
98.0
99.0
98.0
100.0
98.0
100.0
99.0
99.0
99.0
100.0
99.0
99.0
100.0
98.0
85.0
99.0
100.0
37.0
99.0
98.0
99.0
99.0
100.0
98.0
98.0
99.0
99.0
100.0
99.0
99.0
99.0
99.0
98.0
100.0
100.0
100.0
100.0
100.0
99.0
100.0
99.0
100.0
100.0
100.0
98.0
100.0
99.0
99.0
99.0
99.0
100.0
99.0
100.0
99.0
66.0
99.0
100.0
97.0
100.0
99.0
100.0
99.0
100.0
100.0
99.0
100.0
100.0
100.0
100.0
100.0
99.0
98.0
100.0
100.0
100.0
100.0
100.0
98.0
100.0
99.0
100.0
100.0
100.0
100.0
100.0
100.0
100.0
100.0
100.0
100.0
100.0
99.0
99.0
98.0
99.0
100.0
97.0
100.0
99.0
99.0
100.0
100.0
99.0
99.0
99.0
100.0
99.0
100.0
99.0
99.0
99.0
98.0
100.0
99.0
98.0
99.0
100.0
99.0
99.0
99.0
99.0
99.0
100.0
100.0
92.0
100.0
99.0
99.0
100.0
97.0
99.0
99.0
99.0
99.0
100.0
100.0
99.0
98.0
100.0
99.0
99.0
98.0
100.0
100.0
99.0
100.0
88.0
100.0
97.0
100.0
100.0
100.0
100.0
99.0
100.0
99.0
99.0
99.0
99.0
100.0
99.0
97.0
96.0
99.0
99.0
100.0
99.0
100.0
98.0
99.0
99.0
98.0
84.0
65.0
99.0
100.0
100.0
100.0
99.0
100.0
99.0
90.0
99.0
100.0
98.0
100.0
96.0
99.0
100.0
99.0
94.0
100.0
100.0
98.0
99.0
100.0
99.0
100.0
100.0
99.0
99.0
98.0
100.0
99.0
99.0
100.0
100.0
99.0
100.0
99.0
100.0
99.0
100.0
99.0
98.0
99.0
99.0
98.0
98.0
100.0
100.0
100.0
99.0
99.0
99.0
100.0
99.0
72.0
100.0
99.0
99.0
98.0
98.0
99.0
97.0
98.0
100.0
100.0
99.0
100.0
100.0
99.0
99.0
100.0
100.0
98.0
99.0
98.0
98.0
99.0
100.0
99.0
99.0
100.0
99.0
99.0
100.0
100.0
100.0
96.0
100.0
100.0
98.0
94.0
100.0
99.0
98.0
99.0
99.0
99.0
100.0
98.0
99.0
99.0
99.0
100.0
100.0
99.0
100.0
100.0
100.0
99.0
100.0
99.0
100.0
99.0
98.0
100.0
92.0
99.0
99.0
99.0
99.0
99.0
99.0
99.0
100.0
99.0
100.0
100.0
99.0
99.0
100.0
100.0
99.0
99.0
99.0
99.0
99.0
99.0
100.0
100.0
99.0
100.0
100.0
98.0
98.0
99.0
100.0
95.0
99.0
98.0
91.0
100.0
99.0
99.0
99.0
99.0
100.0
100.0
99.0
99.0
98.0
98.0
97.0
100.0
87.0
99.0
99.0
96.0
94.0
97.0
98.0
100.0
98.0
99.0
100.0
99.0
99.0
99.0
100.0
99.0
99.0
99.0
99.0
99.0
100.0
100.0
100.0
99.0
100.0
100.0
99.0
99.0
99.0
100.0
99.0
99.0
100.0
100.0
100.0
98.0
98.0
98.0
98.0
99.0
99.0
99.0
100.0
98.0
99.0
98.0
100.0
99.0
100.0
99.0
100.0
99.0
100.0
100.0
97.0
99.0
100.0
100.0
99.0
100.0
100.0
100.0
98.0
99.0
100.0
100.0
100.0
99.0
99.0
97.0
99.0
99.0
97.0
99.0
100.0
100.0
100.0
99.0
100.0
100.0
100.0
99.0
99.0
100.0
99.0
99.0
100.0
100.0
99.0
100.0
90.0
100.0
98.0
99.0
99.0
98.0
100.0
100.0
99.0
100.0
99.0
99.0
99.0
99.0
95.0
99.0
99.0
100.0
100.0
99.0
99.0
100.0
99.0
100.0
100.0
100.0
100.0
99.0
100.0
98.0
99.0
100.0
100.0
99.0
97.0
100.0
100.0
99.0
99.0
99.0
99.0
98.0
100.0
99.0
99.0
100.0
100.0
99.0
99.0
100.0
87.0
100.0
99.0
100.0
95.0
99.0
99.0
99.0
100.0
99.0
98.0
100.0
100.0
98.0
99.0
97.0
96.0
100.0
98.0
99.0
99.0
100.0
100.0
100.0
98.0
99.0
98.0
99.0
100.0
100.0
100.0
100.0
100.0
99.0
100.0
100.0
100.0
99.0
100.0
99.0
99.0
99.0
100.0
99.0
98.0
100.0
100.0
100.0
99.0
98.0
98.0
98.0
98.0
99.0
99.0
100.0
97.0
99.0
99.0
100.0
99.0
100.0
98.0
99.0
100.0
99.0
99.0
99.0
99.0
100.0
100.0
99.0
99.0
99.0
99.0
100.0
99.0
99.0
99.0
99.0
99.0
100.0
100.0
99.0
99.0
98.0
100.0
99.0
99.0
100.0
100.0
99.0
99.0
99.0
98.0
99.0
100.0
98.0
100.0
99.0
99.0
98.0
99.0
100.0
73.0
99.0
100.0
98.0
100.0
100.0
100.0
99.0
100.0
100.0
99.0
99.0
100.0
99.0
99.0
100.0
91.0
99.0
98.0
99.0
99.0
100.0
100.0
100.0
73.0
99.0
99.0
100.0
97.0
100.0
99.0
99.0
100.0
99.0
99.0
71.0
100.0
99.0
94.0
100.0
99.0
99.0
99.0
99.0
99.0
99.0
99.0
99.0
100.0
99.0
99.0
100.0
100.0
100.0
99.0
99.0
95.0
99.0
99.0
100.0
97.0
99.0
99.0
99.0
100.0
99.0
99.0
99.0
99.0
99.0
99.0
98.0
100.0
100.0
99.0
99.0
99.0
100.0
98.0
100.0
99.0
100.0
99.0
100.0
100.0
99.0
95.0
99.0
99.0
99.0
100.0
99.0
100.0
99.0
99.0
99.0
99.0
99.0
99.0
99.0
99.0
99.0
99.0
99.0
100.0
100.0
99.0
99.0
99.0
99.0
98.0
98.0
100.0
99.0
100.0
99.0
100.0
99.0
99.0
100.0
99.0
100.0
99.0
98.0
100.0
99.0
99.0
100.0
99.0
99.0
99.0
96.0
100.0
99.0
99.0
99.0
100.0
99.0
99.0
99.0
99.0
99.0
98.0
99.0
100.0
100.0
100.0
100.0
99.0
94.0
99.0
100.0
97.0
96.0
99.0
95.0
72.0
99.0
100.0
99.0
100.0
99.0
97.0
100.0
99.0
100.0
99.0
99.0
98.0
99.0
99.0
99.0
97.0
99.0
100.0
100.0
99.0
99.0
99.0
99.0
96.0
99.0
99.0
99.0
99.0
100.0
100.0
99.0
99.0
99.0
100.0
100.0
100.0
99.0
99.0
100.0
99.0
91.0
100.0
99.0
99.0
99.0
100.0
98.0
99.0
100.0
99.0
